%YAML:1.0
---
points: [ 1.31863306e+03, 1.19144547e+02, 1.31731177e+03, 2.00214615e+02,
    1.31610168e+03, 2.81056702e+02, 1.31467993e+03, 3.61653442e+02,
    1.31354272e+03, 4.43299988e+02, 1.23540637e+03, 1.20551697e+02,
    1.23384949e+03, 2.01345688e+02, 1.23238586e+03, 2.81407196e+02,
    1.23101794e+03, 3.61607513e+02, 1.22954138e+03, 4.42502991e+02,
    1.15358423e+03, 1.22004356e+02, 1.15177283e+03, 2.02356766e+02,
    1.15000403e+03, 2.81816315e+02, 1.14854163e+03, 3.61537445e+02,
    1.14717505e+03, 4.41784760e+02, 1.07273938e+03, 1.22941406e+02,
    1.07083069e+03, 2.02505371e+02, 1.06920569e+03, 2.82043152e+02,
    1.06763293e+03, 3.61245728e+02, 1.06580054e+03, 4.40745575e+02,
    9.93085876e+02, 1.23501160e+02, 9.91251831e+02, 2.03314590e+02,
    9.89507019e+02, 2.82101105e+02, 9.87559021e+02, 3.60460571e+02,
    9.85877319e+02, 4.39815857e+02, 9.13860901e+02, 1.24017731e+02,
    9.12169617e+02, 2.03219635e+02, 9.10345215e+02, 2.81984741e+02,
    9.08329407e+02, 3.59809143e+02, 9.06281433e+02, 4.38561371e+02,
    8.35940125e+02, 1.25095222e+02, 8.33635742e+02, 2.03167816e+02,
    8.31966370e+02, 2.81506226e+02, 8.29625610e+02, 3.59226318e+02,
    8.27397705e+02, 4.37487427e+02 ]
