%YAML:1.0
---
points: [ 1.74274158e+03, 1.31764099e+02, 1.73663745e+03, 2.18385971e+02,
    1.73045190e+03, 3.04092133e+02, 1.72416931e+03, 3.89738525e+02,
    1.71746765e+03, 4.75487335e+02, 1.65152710e+03, 1.29460251e+02,
    1.64538489e+03, 2.15483536e+02, 1.63911169e+03, 3.00659607e+02,
    1.63282739e+03, 3.85683075e+02, 1.62630994e+03, 4.70750580e+02,
    1.56180383e+03, 1.27481461e+02, 1.55513135e+03, 2.13019958e+02,
    1.54885840e+03, 2.97468292e+02, 1.54236450e+03, 3.81849426e+02,
    1.53593909e+03, 4.65984528e+02, 1.47307349e+03, 1.25406746e+02,
    1.46665552e+03, 2.10341644e+02, 1.45970850e+03, 2.94536377e+02,
    1.45341382e+03, 3.78057617e+02, 1.44694189e+03, 4.61435760e+02,
    1.38572791e+03, 1.23779564e+02, 1.37908850e+03, 2.08509064e+02,
    1.37237085e+03, 2.91823395e+02, 1.36635229e+03, 3.74479889e+02,
    1.35987732e+03, 4.56897125e+02, 1.29954077e+03, 1.22403099e+02,
    1.29307202e+03, 2.06443665e+02, 1.28639526e+03, 2.89324615e+02,
    1.28082764e+03, 3.70966522e+02, 1.27484998e+03, 4.52811615e+02,
    1.21478076e+03, 1.21704948e+02, 1.20869446e+03, 2.04373260e+02,
    1.20262756e+03, 2.86585999e+02, 1.19685291e+03, 3.67524506e+02,
    1.19145801e+03, 4.48472565e+02 ]
