%YAML:1.0
---
points: [ 1.42796338e+03, 5.07431946e+02, 1.42181482e+03, 5.88902588e+02,
    1.41611243e+03, 6.69277405e+02, 1.41069727e+03, 7.48855530e+02,
    1.40528748e+03, 8.27977173e+02, 1.34248401e+03, 5.03456787e+02,
    1.33698792e+03, 5.84383240e+02, 1.33175415e+03, 6.63810974e+02,
    1.32680774e+03, 7.42577698e+02, 1.32190649e+03, 8.21175354e+02,
    1.25905322e+03, 4.99735260e+02, 1.25369543e+03, 5.79922119e+02,
    1.24904382e+03, 6.58498901e+02, 1.24443262e+03, 7.36576904e+02,
    1.23996301e+03, 8.14311707e+02, 1.17727051e+03, 4.96281616e+02,
    1.17277112e+03, 5.75580322e+02, 1.16826257e+03, 6.53438599e+02,
    1.16415613e+03, 7.30730347e+02, 1.15984692e+03, 8.08149658e+02,
    1.09719238e+03, 4.92527924e+02, 1.09303992e+03, 5.71224915e+02,
    1.08916724e+03, 6.48661865e+02, 1.08524622e+03, 7.25727234e+02,
    1.08122388e+03, 8.02305481e+02, 1.01828925e+03, 4.88829285e+02,
    1.01455505e+03, 5.67205627e+02, 1.01085034e+03, 6.43920715e+02,
    1.00721576e+03, 7.20507263e+02, 1.00356812e+03, 7.96991821e+02,
    9.40651306e+02, 4.85406067e+02, 9.37258240e+02, 5.63140747e+02,
    9.33861328e+02, 6.39487732e+02, 9.30492310e+02, 7.15330078e+02,
    9.26911926e+02, 7.91610291e+02 ]
