%YAML:1.0
---
points: [ 8.72613647e+02, 6.92764587e+02, 8.69689697e+02, 7.63656128e+02,
    8.66687805e+02, 8.34621094e+02, 8.63693176e+02, 9.07169861e+02,
    8.60563354e+02, 9.80609131e+02, 8.04299133e+02, 6.90458923e+02,
    8.00999817e+02, 7.60646057e+02, 7.97453796e+02, 8.31472229e+02,
    7.94124573e+02, 9.03363770e+02, 7.90487061e+02, 9.76478210e+02,
    7.36308411e+02, 6.87758301e+02, 7.32623596e+02, 7.58030334e+02,
    7.28738953e+02, 8.28452026e+02, 7.24760315e+02, 8.99799438e+02,
    7.21085632e+02, 9.72453247e+02, 6.68604858e+02, 6.85567505e+02,
    6.64426636e+02, 7.55409180e+02, 6.60447144e+02, 8.25405090e+02,
    6.56192566e+02, 8.96591125e+02, 6.51834717e+02, 9.68815979e+02,
    6.01223206e+02, 6.83294067e+02, 5.97003784e+02, 7.52783997e+02,
    5.92470276e+02, 8.22670227e+02, 5.87494751e+02, 8.93586548e+02,
    5.83280823e+02, 9.65370728e+02, 5.33793274e+02, 6.81067871e+02,
    5.29304871e+02, 7.50485657e+02, 5.24977844e+02, 8.19739502e+02,
    5.19457764e+02, 8.90633179e+02, 5.14229980e+02, 9.62216919e+02,
    4.68146606e+02, 6.78692749e+02, 4.62427917e+02, 7.48024963e+02,
    4.57924652e+02, 8.17184509e+02, 4.52442596e+02, 8.87172302e+02,
    4.46492828e+02, 9.58808228e+02 ]
