%YAML:1.0
---
cameraMatrix: !!opencv-matrix
   rows: 3
   cols: 3
   dt: d
   data: [ 1.1779520792582425e+03, 0., 9.5462731166951016e+02, 0.,
       1.1754883121661862e+03, 5.4961473601032390e+02, 0., 0., 1. ]
distortionCoefficients: !!opencv-matrix
   rows: 1
   cols: 5
   dt: d
   data: [ 1.2034702786303010e-01, -2.0619080195137812e-01,
       1.7190795533957356e-03, 3.4706175802603465e-04,
       1.1530252656578839e-01 ]
rotation: !!opencv-matrix
   rows: 3
   cols: 3
   dt: d
   data: [ 1., 0., 0., 0., 1., 0., 0., 0., 1. ]
projection: !!opencv-matrix
   rows: 4
   cols: 4
   dt: d
   data: [ 1.1779520792582425e+03, 0., 9.5462731166951016e+02, 0., 0.,
       1.1754883121661862e+03, 5.4961473601032390e+02, 0., 0., 0., 1.,
       0., 0., 0., 0., 1. ]
