%YAML:1.0
---
points: [ 7.18681946e+02, 1.63710709e+02, 7.18656433e+02, 2.44493149e+02,
    7.18541016e+02, 3.24480469e+02, 7.18307190e+02, 4.04475159e+02,
    7.17924133e+02, 4.85040863e+02, 6.35940247e+02, 1.60541534e+02,
    6.35742859e+02, 2.41630814e+02, 6.35383362e+02, 3.22469055e+02,
    6.35138611e+02, 4.03220795e+02, 6.34460693e+02, 4.84425323e+02,
    5.51434631e+02, 1.56930847e+02, 5.50904175e+02, 2.39038757e+02,
    5.50466492e+02, 3.20101410e+02, 5.49837219e+02, 4.01770782e+02,
    5.49357849e+02, 4.83667633e+02, 4.65517273e+02, 1.53509567e+02,
    4.64609894e+02, 2.35623856e+02, 4.64092316e+02, 3.18129456e+02,
    4.63428284e+02, 4.00349274e+02, 4.62116272e+02, 4.83104645e+02,
    3.78414520e+02, 1.49918594e+02, 3.77403656e+02, 2.33349182e+02,
    3.76200958e+02, 3.15833099e+02, 3.74434540e+02, 3.98563690e+02,
    3.73556580e+02, 4.82362122e+02, 2.90214355e+02, 1.46824310e+02,
    2.88481262e+02, 2.30487015e+02, 2.87312378e+02, 3.13864136e+02,
    2.84825684e+02, 3.97315125e+02, 2.82489563e+02, 4.81511475e+02,
    2.02705872e+02, 1.44846008e+02, 1.99451935e+02, 2.28325775e+02,
    1.97724533e+02, 3.12246674e+02, 1.95037582e+02, 3.96281555e+02,
    1.91839615e+02, 4.81124420e+02 ]
