%YAML:1.0
---
points: [ 9.63840454e+02, 1.71532700e+02, 9.63098511e+02, 2.50223267e+02,
    9.62302307e+02, 3.27877625e+02, 9.61432068e+02, 4.05625122e+02,
    9.60683044e+02, 4.83775543e+02, 8.85420227e+02, 1.70573227e+02,
    8.84715210e+02, 2.49287079e+02, 8.83714722e+02, 3.26935944e+02,
    8.82945312e+02, 4.04682953e+02, 8.81976135e+02, 4.83061554e+02,
    8.06649353e+02, 1.69093796e+02, 8.05864563e+02, 2.48026093e+02,
    8.05056702e+02, 3.25681763e+02, 8.03899292e+02, 4.03829468e+02,
    8.02885681e+02, 4.82305023e+02, 7.27497498e+02, 1.67320007e+02,
    7.26608582e+02, 2.46007126e+02, 7.25604736e+02, 3.24491791e+02,
    7.24647705e+02, 4.02748932e+02, 7.23358582e+02, 4.81437225e+02,
    6.47767090e+02, 1.65429123e+02, 6.46861633e+02, 2.44630051e+02,
    6.45742004e+02, 3.23185760e+02, 6.44235046e+02, 4.01416718e+02,
    6.43088928e+02, 4.80450104e+02, 5.67313354e+02, 1.63469681e+02,
    5.66131409e+02, 2.42665665e+02, 5.65164001e+02, 3.21671509e+02,
    5.63365845e+02, 4.00035889e+02, 5.61143372e+02, 4.79375305e+02,
    4.87397339e+02, 1.62311584e+02, 4.85144043e+02, 2.40886185e+02,
    4.83900391e+02, 3.19954315e+02, 4.81624329e+02, 3.98707123e+02,
    4.79092102e+02, 4.78316101e+02 ]
