%YAML:1.0
---
points: [ 1.85466382e+03, 5.28841553e+02, 1.85094385e+03, 6.21595032e+02,
    1.84741333e+03, 7.13241516e+02, 1.84352295e+03, 8.04733521e+02,
    1.83916211e+03, 8.95974304e+02, 1.75043115e+03, 5.26390259e+02,
    1.74742810e+03, 6.17620728e+02, 1.74382141e+03, 7.07778870e+02,
    1.74028979e+03, 7.97427673e+02, 1.73685999e+03, 8.87350281e+02,
    1.64930945e+03, 5.24048645e+02, 1.64603101e+03, 6.13543396e+02,
    1.64304285e+03, 7.02106018e+02, 1.63971570e+03, 7.90570618e+02,
    1.63673181e+03, 8.78776917e+02, 1.55067468e+03, 5.21875305e+02,
    1.54817249e+03, 6.09612244e+02, 1.54485010e+03, 6.96447571e+02,
    1.54233447e+03, 7.83095215e+02, 1.53955469e+03, 8.70199341e+02,
    1.45556152e+03, 5.19632935e+02, 1.45264978e+03, 6.05823120e+02,
    1.45013647e+03, 6.91096375e+02, 1.44814648e+03, 7.76390320e+02,
    1.44557263e+03, 8.61511658e+02, 1.36357715e+03, 5.17775940e+02,
    1.36081970e+03, 6.02177795e+02, 1.35838330e+03, 6.85557495e+02,
    1.35665503e+03, 7.69384583e+02, 1.35471216e+03, 8.53681396e+02,
    1.27510107e+03, 5.15841431e+02, 1.27264343e+03, 5.98483337e+02,
    1.27055750e+03, 6.80444763e+02, 1.26868958e+03, 7.62460266e+02,
    1.26674121e+03, 8.45424255e+02 ]
