%YAML:1.0
---
points: [ 1.13757678e+03, 4.50552734e+02, 1.13567590e+03, 5.30683350e+02,
    1.13410632e+03, 6.08746155e+02, 1.13275159e+03, 6.85886841e+02,
    1.13143652e+03, 7.61772278e+02, 1.05673267e+03, 4.50346222e+02,
    1.05566748e+03, 5.29919189e+02, 1.05469995e+03, 6.07557007e+02,
    1.05403137e+03, 6.84091736e+02, 1.05330347e+03, 7.59782654e+02,
    9.76833618e+02, 4.50101074e+02, 9.76531799e+02, 5.29332214e+02,
    9.76328003e+02, 6.06601013e+02, 9.76082092e+02, 6.82536743e+02,
    9.75797363e+02, 7.57664368e+02, 8.97755920e+02, 4.49698334e+02,
    8.98235474e+02, 5.28706238e+02, 8.98626770e+02, 6.05504883e+02,
    8.99238770e+02, 6.81270081e+02, 8.99482666e+02, 7.56122131e+02,
    8.19291626e+02, 4.49484375e+02, 8.20671021e+02, 5.28051697e+02,
    8.21737427e+02, 6.04497498e+02, 8.22497314e+02, 6.80405396e+02,
    8.23456848e+02, 7.54699585e+02, 7.41085999e+02, 4.49250916e+02,
    7.43235107e+02, 5.27611511e+02, 7.44937988e+02, 6.03583313e+02,
    7.46281555e+02, 6.79335083e+02, 7.47430664e+02, 7.54164124e+02,
    6.64039124e+02, 4.48694427e+02, 6.65862732e+02, 5.26901245e+02,
    6.68752686e+02, 6.03107361e+02, 6.70521667e+02, 6.78175659e+02,
    6.71798706e+02, 7.53198975e+02 ]
