%YAML:1.0
---
points: [ 7.58212341e+02, 5.06738586e+02, 7.53416077e+02, 5.87104248e+02,
    7.48560120e+02, 6.65661804e+02, 7.43580444e+02, 7.43421631e+02,
    7.38762451e+02, 8.20248840e+02, 6.78744019e+02, 4.99790588e+02,
    6.74636841e+02, 5.80110901e+02, 6.70303040e+02, 6.58317627e+02,
    6.66058533e+02, 7.35541504e+02, 6.61511475e+02, 8.12476868e+02,
    5.99618164e+02, 4.92941162e+02, 5.96127808e+02, 5.72949463e+02,
    5.92396179e+02, 6.50839539e+02, 5.88707153e+02, 7.28215210e+02,
    5.85176147e+02, 8.04464478e+02, 5.20497437e+02, 4.86276276e+02,
    5.17555725e+02, 5.66079834e+02, 5.14821045e+02, 6.44064941e+02,
    5.11931702e+02, 7.20773987e+02, 5.08559509e+02, 7.96920044e+02,
    4.42044098e+02, 4.79657654e+02, 4.40197296e+02, 5.59211304e+02,
    4.37992035e+02, 6.36809021e+02, 4.34588898e+02, 7.13789917e+02,
    4.32757263e+02, 7.89568237e+02, 3.64071320e+02, 4.73063965e+02,
    3.62613831e+02, 5.52473511e+02, 3.61541321e+02, 6.29751465e+02,
    3.58895477e+02, 7.06719299e+02, 3.56443756e+02, 7.82442566e+02,
    2.88517090e+02, 4.66490112e+02, 2.86476044e+02, 5.45733826e+02,
    2.86079987e+02, 6.23046326e+02, 2.84488770e+02, 6.99165405e+02,
    2.81924103e+02, 7.75170471e+02 ]
