%YAML:1.0
---
points: [ 6.03875854e+02, 5.16856506e+02, 6.00712708e+02, 5.94498535e+02,
    5.97279358e+02, 6.70771423e+02, 5.93747620e+02, 7.46452332e+02,
    5.90454529e+02, 8.21757751e+02, 5.25542786e+02, 5.11564575e+02,
    5.22754272e+02, 5.89407471e+02, 5.19612976e+02, 6.65732056e+02,
    5.16831604e+02, 7.41379944e+02, 5.13586853e+02, 8.16776489e+02,
    4.46697601e+02, 5.06309509e+02, 4.44468872e+02, 5.84115845e+02,
    4.42195709e+02, 6.60572815e+02, 4.39537201e+02, 7.36270447e+02,
    4.37380157e+02, 8.11582886e+02, 3.67810547e+02, 5.01071899e+02,
    3.65728333e+02, 5.79064941e+02, 3.64345734e+02, 6.55389893e+02,
    3.62518677e+02, 7.31146729e+02, 3.60493469e+02, 8.06416138e+02,
    2.89325409e+02, 4.95797241e+02, 2.88410461e+02, 5.73866882e+02,
    2.87063782e+02, 6.50313904e+02, 2.85012207e+02, 7.26348450e+02,
    2.84360626e+02, 8.01369568e+02, 2.11425903e+02, 4.90696381e+02,
    2.10660172e+02, 5.68735291e+02, 2.10495071e+02, 6.45079712e+02,
    2.08673996e+02, 7.20995361e+02, 2.07319855e+02, 7.96421387e+02,
    1.36013275e+02, 4.85540100e+02, 1.34360886e+02, 5.63559875e+02,
    1.34532608e+02, 6.39749817e+02, 1.33634415e+02, 7.15476685e+02,
    1.32382080e+02, 7.91118835e+02 ]
