%YAML:1.0
---
points: [ 5.30722046e+02, 6.83661072e+02, 5.30388550e+02, 7.55081177e+02,
    5.29942688e+02, 8.27083008e+02, 5.29454651e+02, 9.00157349e+02,
    5.29342346e+02, 9.74479553e+02, 4.59969421e+02, 6.87006958e+02,
    4.59351227e+02, 7.58589722e+02, 4.58394928e+02, 8.30347046e+02,
    4.57828644e+02, 9.03432129e+02, 4.56955170e+02, 9.77642090e+02,
    3.88997986e+02, 6.90348206e+02, 3.87867432e+02, 7.61647461e+02,
    3.86810852e+02, 8.33827698e+02, 3.85835205e+02, 9.06677429e+02,
    3.85186066e+02, 9.80874512e+02, 3.18045166e+02, 6.93411621e+02,
    3.16563843e+02, 7.65221863e+02, 3.15448273e+02, 8.36853821e+02,
    3.14246460e+02, 9.09778320e+02, 3.12905823e+02, 9.83706177e+02,
    2.47400909e+02, 6.96501099e+02, 2.46117889e+02, 7.67912354e+02,
    2.44533340e+02, 8.39890137e+02, 2.42225098e+02, 9.12929016e+02,
    2.41283905e+02, 9.86581787e+02, 1.77034439e+02, 6.99427246e+02,
    1.75476883e+02, 7.71100952e+02, 1.74206635e+02, 8.42727051e+02,
    1.71340820e+02, 9.15691101e+02, 1.69012451e+02, 9.89770874e+02,
    1.09199730e+02, 7.02236633e+02, 1.05796837e+02, 7.73732239e+02,
    1.04017326e+02, 8.45391235e+02, 1.01391998e+02, 9.18122314e+02,
    9.79973145e+01, 9.92254211e+02 ]
