%YAML:1.0
---
points: [ 1.35896118e+03, 6.80501038e+02, 1.35904041e+03, 7.50758057e+02,
    1.35908691e+03, 8.21437744e+02, 1.35934509e+03, 8.92873108e+02,
    1.35937036e+03, 9.65323242e+02, 1.28658630e+03, 6.77503052e+02,
    1.28634253e+03, 7.46988892e+02, 1.28615137e+03, 8.16922852e+02,
    1.28607593e+03, 8.87457886e+02, 1.28579443e+03, 9.59397949e+02,
    1.21626123e+03, 6.74824768e+02, 1.21554236e+03, 7.43553223e+02,
    1.21497034e+03, 8.12577759e+02, 1.21439905e+03, 8.82385437e+02,
    1.21380908e+03, 9.53463745e+02, 1.14749609e+03, 6.72076294e+02,
    1.14644031e+03, 7.40223022e+02, 1.14538770e+03, 8.08307007e+02,
    1.14449146e+03, 8.77366516e+02, 1.14362085e+03, 9.47975220e+02,
    1.08030872e+03, 6.69744751e+02, 1.07893799e+03, 7.36836853e+02,
    1.07754871e+03, 8.04426514e+02, 1.07615979e+03, 8.73072449e+02,
    1.07486145e+03, 9.42636475e+02, 1.01411053e+03, 6.67203552e+02,
    1.01248804e+03, 7.33865662e+02, 1.01081769e+03, 8.00700378e+02,
    1.00891357e+03, 8.68728455e+02, 1.00720032e+03, 9.38088989e+02,
    9.49594727e+02, 6.64823303e+02, 9.47453735e+02, 7.30868835e+02,
    9.45390564e+02, 7.97218262e+02, 9.43305359e+02, 8.64486206e+02,
    9.40765991e+02, 9.33434753e+02 ]
