%YAML:1.0
---
points: [ 1.78552136e+03, 6.70068542e+02, 1.78554236e+03, 7.44634888e+02,
    1.78564868e+03, 8.19007080e+02, 1.78551392e+03, 8.93789368e+02,
    1.78518018e+03, 9.69001465e+02, 1.70168530e+03, 6.66742554e+02,
    1.70186902e+03, 7.40237122e+02, 1.70179749e+03, 8.13528381e+02,
    1.70175769e+03, 8.87094849e+02, 1.70131445e+03, 9.61229248e+02,
    1.62043665e+03, 6.63586121e+02, 1.62017505e+03, 7.35808777e+02,
    1.62019751e+03, 8.07848389e+02, 1.62000293e+03, 8.80538757e+02,
    1.61959937e+03, 9.53559937e+02, 1.54093481e+03, 6.60350891e+02,
    1.54101221e+03, 7.31473389e+02, 1.54052112e+03, 8.02375427e+02,
    1.54047925e+03, 8.73712097e+02, 1.54014697e+03, 9.45689941e+02,
    1.46404358e+03, 6.57146606e+02, 1.46360986e+03, 7.27058228e+02,
    1.46348315e+03, 7.96650513e+02, 1.46353015e+03, 8.67371216e+02,
    1.46313831e+03, 9.38305969e+02, 1.38919299e+03, 6.54083191e+02,
    1.38876038e+03, 7.22690552e+02, 1.38823535e+03, 7.91162109e+02,
    1.38819116e+03, 8.60698425e+02, 1.38789526e+03, 9.31069458e+02,
    1.31675000e+03, 6.50712952e+02, 1.31630652e+03, 7.18401733e+02,
    1.31586377e+03, 7.86034058e+02, 1.31549829e+03, 8.54225281e+02,
    1.31516284e+03, 9.23588318e+02 ]
